#W1MJD	W1ApparentMag	W1ApparentMagErr	W1AbsMag	W1AbsMagErr
55331.384193075	14.498428357950848	0.020872578547908735	-25.17485960386779	0.020872578547908735
55510.60925165834	14.702756357984066	0.025300792721202427	-24.970531603834576	0.025300792721202427
56793.44880525334	14.782147842111891	0.03055131748969565	-24.89114011970675	0.03055131748969565
56974.98706114445	14.777057891416648	0.030505580639908134	-24.896230070401995	0.030505580639908134
57158.16316659364	14.840802206159301	0.02721572964973308	-24.832485755659338	0.02721572964973308
57334.09732164818	14.691695308032651	0.027093175846096683	-24.98159265378599	0.027093175846096683
57522.29359264636	14.599484106627395	0.024668862984282044	-25.073803855191247	0.024668862984282044
57693.23149927769	14.635630867620376	0.025437415958678714	-25.037657094198263	0.025437415958678714
57886.551542176254	14.578909334220471	0.028621602201627194	-25.09437862759817	0.028621602201627194
58055.02798767222	14.379841990826698	0.017156105866177922	-25.293445970991943	0.017156105866177922
58253.64373468635	14.225596700671744	0.01904340712946888	-25.447691261146897	0.01904340712946888
58417.35781244272	14.17808757610673	0.017939922174640736	-25.49520038571191	0.017939922174640736
58617.86006630091	14.623032206910247	0.02681673847607712	-25.050255754908395	0.02681673847607712
58781.437140996	14.898661391592372	0.03116865069607117	-24.77462657022627	0.03116865069607117
58982.934077328006	14.761944768090293	0.024155415634545638	-24.911343193728346	0.024155415634545638
59145.8220402109	14.914829118134723	0.03233020073304085	-24.75845884368392	0.03233020073304085
59349.067663493995	14.818736689111491	0.03227419848226977	-24.854551272707152	0.03227419848226977
59512.65868081599	14.788815857921398	0.030699439575994365	-24.88447210389724	0.030699439575994365
59713.320927502995	14.902794739366994	0.03175426677804559	-24.770493222451645	0.03175426677804559
59876.923283258	14.896176676281875	0.031110072818675037	-24.777111285536765	0.031110072818675037
