#W2MJD	W2ApparentMag	W2ApparentMagErr	W2AbsMag	W2AbsMagErr
55331.38469376363	13.92164886268467	0.03838336306518294	-25.750473599133972	0.03838336306518294
55510.27457142727	13.998346912390698	0.042836048373105985	-25.673775549427944	0.042836048373105985
56793.47178668286	14.339714068976576	0.0873149699966761	-25.332408392842066	0.0873149699966761
56975.0171959875	14.125096581684007	0.06253755564736825	-25.547025880134637	0.06253755564736825
57158.207909656994	14.149852092451626	0.06111546637463955	-25.522270369367018	0.06111546637463955
57334.09732164818	14.044264107365477	0.048613170042842824	-25.627858354453164	0.048613170042842824
57522.29359264636	14.101899077600722	0.0535330709335371	-25.570223384217922	0.0535330709335371
57693.25585333001	14.410888149219497	0.07014899810891288	-25.261234312599147	0.07014899810891288
57886.551542176254	13.965241050792965	0.061302559532048065	-25.706881411025677	0.061302559532048065
58054.37367626636	13.601820566903545	0.04151959038966974	-26.070301894915097	0.04151959038966974
58253.660980875	13.49128757379448	0.03851228801874721	-26.18083488802416	0.03851228801874721
58417.35781244272	13.450818187704119	0.03175354376004496	-26.221304274114523	0.03175354376004496
58617.86006630091	13.807117398575034	0.04556312530661364	-25.865005063243608	0.04556312530661364
58781.437140996	14.03913984739741	0.052180690516265435	-25.632982614421234	0.052180690516265435
58982.19286256375	13.945021946588922	0.07101518393449628	-25.72710051522972	0.07101518393449628
59145.45618706	14.368535822282889	0.0818468826831016	-25.303586639535755	0.0818468826831016
59349.067663493995	14.214803906681142	0.06758014833721487	-25.4573185551375	0.06758014833721487
59512.62745757223	14.173363947720672	0.06556206933345395	-25.49875851409797	0.06556206933345395
59713.320927502995	14.28344379865332	0.0685006558527111	-25.388678663165322	0.0685006558527111
59876.923283258	14.366674175846192	0.07002384542359942	-25.30544828597245	0.07002384542359942
