#MJD	W1-W2	W1-W2_Err
55331.384193075	0.5756139952661812	0.0436914991209076
55510.60925165834	0.7032439455933677	0.04974994625669786
56793.44880525334	0.44126827313531436	0.09250560515923686
56974.98706114445	0.6507958097326423	0.06958114914634292
57158.16316659364	0.6897846137076797	0.06690139139477637
57334.09732164818	0.6462657006671719	0.05565321625065229
57522.29359264636	0.4964195290266744	0.058943553375347124
57693.23149927769	0.22357721840088374	0.07461865762890073
57886.551542176254	0.6125027834275052	0.06765500659794874
58055.02798767222	0.7768559239231543	0.04492447389360794
58253.64373468635	0.7331436268772649	0.04296332952108863
58417.35781244272	0.7261038884026121	0.03647092470658314
58617.86006630091	0.8147493083352124	0.05286904434733516
58781.437140996	0.8583560441949629	0.06078082961730591
58982.934077328006	0.8157573215013727	0.07501093556094332
59145.8220402109	0.5451277958518368	0.08800087547507758
59349.067663493995	0.6027672824303494	0.07489125674571706
59512.65868081599	0.6142864102007266	0.07239364975993924
59713.320927502995	0.6181854407136775	0.07550280333115356
59876.923283258	0.528337000435684	0.07662359661808762